0.0,-1.72927e+25,0.0,-1.73381e+25,4158449230181.8477
1.0,-1.50401e+25,1.0,-1.5154e+25,3878156778677.2104
2.0,-1.20734e+25,2.0,-1.21004e+25,3474679841366.683
3.0,-9.85895e+24,3.0,-9.84597e+24,3139896495109.353
4.0,-8.26799e+24,4.0,-8.28367e+24,2875411274930.9443
5.0,-7.06721e+24,5.0,-7.04334e+24,2658422464545.468
6.0,-6.08425e+24,6.0,-6.06952e+24,2466627251937.349
7.0,-5.30575e+24,7.0,-5.30627e+24,2303421368312.7974
8.0,-4.68967e+24,8.0,-4.68553e+24,2165564591509.5674
9.0,-4.18845e+24,9.0,-4.18108e+24,2046570301748.7573
10.0,-3.73672e+24,10.0,-3.73375e+24,1933059750757.8499
11.0,-3.37428e+24,11.0,-3.3684e+24,1836921337455.6897
12.0,-3.06124e+24,12.0,-3.05073e+24,1749639962963.8093
13.0,-2.76723e+24,13.0,-2.76407e+24,1663499323714.9211
14.0,-2.51882e+24,14.0,-2.52115e+24,1587079078055.0288
15.0,-2.31475e+24,15.0,-2.31148e+24,1521430248154.6763
16.0,-2.12673e+24,16.0,-2.12481e+24,1458331238093.733
17.0,-1.96518e+24,17.0,-1.96507e+24,1401848779291.119
18.0,-1.82242e+24,18.0,-1.82028e+24,1349970370045.2095
19.0,-1.68804e+24,19.0,-1.68606e+24,1299245935148.5383
20.0,-1.5689e+24,20.0,-1.56825e+24,1252557383915.0044
21.0,-1.46417e+24,21.0,-1.46417e+24,1210028925274.1028
22.0,-1.36931e+24,22.0,-1.36845e+24,1170175200557.5918
23.0,-1.2815e+24,23.0,-1.28214e+24,1132033568406.8738
24.0,-1.20319e+24,24.0,-1.20474e+24,1096900177773.7115
25.0,-1.13278e+24,25.0,-1.13282e+24,1064321380035.1847
26.0,-1.06722e+24,26.0,-1.06743e+24,1033063405604.9028
27.0,-1.00776e+24,27.0,-1.00855e+24,1003872501864.6542
28.0,-9.55901e+23,28.0,-9.55195e+23,977701897308.1724
29.0,-9.05437e+23,29.0,-9.04199e+23,951544533902.6439
30.0,-8.57305e+23,30.0,-8.57538e+23,925907662782.85
31.0,-8.15666e+23,31.0,-8.14478e+23,903142292221.9954
32.0,-7.75742e+23,32.0,-7.74941e+23,880762169941.4661
33.0,-7.38898e+23,33.0,-7.38222e+23,859591763571.5223
34.0,-7.03372e+23,34.0,-7.03485e+23,838672760974.1478
35.0,-6.72276e+23,35.0,-6.71454e+23,819924386757.7058
36.0,-6.42225e+23,36.0,-6.41546e+23,801389418447.7357
37.0,-6.13354e+23,37.0,-6.13633e+23,783169202663.1283
38.0,-5.87505e+23,38.0,-5.87581e+23,766488747471.2202
39.0,-5.6424e+23,39.0,-5.63169e+23,751159104318.1199
40.0,-5.39183e+23,40.0,-5.3993e+23,734290814323.5894
41.0,-5.18071e+23,41.0,-5.17811e+23,719771491516.5785
42.0,-4.9758e+23,42.0,-4.97375e+23,705393507200.0592
43.0,-4.77681e+23,43.0,-4.77982e+23,691144702649.1631
44.0,-4.59284e+23,44.0,-4.60192e+23,677704950550.0162
45.0,-4.44097e+23,45.0,-4.43196e+23,666406032385.662
46.0,-4.27031e+23,46.0,-4.26893e+23,653476089845.6805
47.0,-4.11569e+23,47.0,-4.11589e+23,641536437001.0483
48.0,-3.97666e+23,48.0,-3.9729e+23,630607643467.7905
49.0,-3.83356e+23,49.0,-3.8352e+23,619157492080.9729
50.0,-3.71111e+23,50.0,-3.70628e+23,609188804887.2861
51.0,-3.58189e+23,51.0,-3.58067e+23,598488930557.617
52.0,-3.46675e+23,52.0,-3.46295e+23,588791134444.1252
53.0,-3.34729e+23,53.0,-3.35074e+23,578557689431.2269
54.0,-3.24263e+23,54.0,-3.24546e+23,569440953918.8414
55.0,-3.13791e+23,55.0,-3.14299e+23,560170509755.735
56.0,-3.0474e+23,56.0,-3.04583e+23,552032607732.5505
57.0,-2.95452e+23,57.0,-2.95302e+23,543554965021.93774
58.0,-2.8652e+23,58.0,-2.86582e+23,535275629932.84125
59.0,-2.77989e+23,59.0,-2.78127e+23,527246621610.798
60.0,-2.69948e+23,60.0,-2.70153e+23,519565202837.9114
61.0,-2.62668e+23,61.0,-2.62446e+23,512511463286.43225
62.0,-2.55429e+23,62.0,-2.55051e+23,505399841709.5122
63.0,-2.48333e+23,63.0,-2.4805e+23,498330211807.39185
64.0,-2.40677e+23,64.0,-2.41237e+23,490588422203.3782
65.0,-2.35072e+23,65.0,-2.34756e+23,484842242384.0563
66.0,-2.28393e+23,66.0,-2.28462e+23,477904802235.7591
67.0,-2.22235e+23,67.0,-2.2244e+23,471418073476.1874
68.0,-2.17219e+23,68.0,-2.16654e+23,466067591664.55676
69.0,-2.10444e+23,69.0,-2.11028e+23,458741757419.1388
70.0,-2.05435e+23,70.0,-2.05617e+23,453249379481.0976
71.0,-2.00814e+23,71.0,-2.00478e+23,448122751040.3818
72.0,-1.95062e+23,72.0,-1.95489e+23,441658238913.30273
73.0,-1.90956e+23,73.0,-1.90668e+23,436985125604.97986
74.0,-1.85994e+23,74.0,-1.8607e+23,431270216917.42175
75.0,-1.81666e+23,75.0,-1.81603e+23,426222946355.5429
76.0,-1.77259e+23,76.0,-1.77279e+23,421021377129.47546
77.0,-1.7309e+23,77.0,-1.73153e+23,416040863377.6255
78.0,-1.69191e+23,78.0,-1.69134e+23,411328336004.2194
79.0,-1.6485e+23,79.0,-1.65333e+23,406017241013.2358
80.0,-1.6191e+23,80.0,-1.61663e+23,402380417018.5224
81.0,-1.57775e+23,81.0,-1.58016e+23,397209012989.38324
82.0,-1.54569e+23,82.0,-1.54528e+23,393152642112.44977
83.0,-1.50875e+23,83.0,-1.51188e+23,388426312188.0391
84.0,-1.48008e+23,84.0,-1.47889e+23,384718078597.8221
85.0,-1.44482e+23,85.0,-1.4474e+23,380107879423.7236
86.0,-1.41976e+23,86.0,-1.41723e+23,376797027589.12524
87.0,-1.3883e+23,87.0,-1.38765e+23,372598980138.16406
88.0,-1.36002e+23,88.0,-1.35889e+23,368784489912.46906
89.0,-1.33475e+23,89.0,-1.33089e+23,365342305242.63135
90.0,-1.30279e+23,90.0,-1.30374e+23,360941823567.1782
91.0,-1.27755e+23,91.0,-1.27751e+23,357428314491.17175
92.0,-1.25125e+23,92.0,-1.25239e+23,353730123116.47986
93.0,-1.22485e+23,93.0,-1.22791e+23,349978570772.55457
94.0,-1.20241e+23,94.0,-1.20426e+23,346757840574.6581
95.0,-1.18229e+23,95.0,-1.18128e+23,343844441572.0574
96.0,-1.15766e+23,96.0,-1.15876e+23,340244030072.53485
97.0,-1.14183e+23,97.0,-1.13694e+23,337909751265.0382
98.0,-1.11461e+23,98.0,-1.11543e+23,333857754140.89154
99.0,-3.61892e+22,99.0,-1.09478e+23,190234592017.33002
